Range between 6-15

coloring with 15 colors
1 1
2 2
3 1
4 1
5 2
6 2
7 1
8 3
9 3
10 2
11 4
12 3
13 2
14 4
15 4
16 5
17 3
18 6
19 4
20 1
21 3
22 7
23 1
24 2
25 5
26 6
27 4
28 6
29 5
30 8
31 3
32 7
33 9
34 4
35 8
36 6
37 7
38 9
39 5
40 7
41 6
42 10
43 8
44 8
45 1
46 5
47 8
48 10
49 5
50 11
51 6
52 12
53 10
54 11
55 12
56 13
57 11
58 3
59 7
60 10
61 14
62 12
63 11
64 9
65 11
66 10
67 12
68 11
69 14
70 12
71 13
72 15
73 9
74 15
75 3
76 15
77 6
78 2
79 15
80 15
81 14
82 14
83 5
84 14
85 1
86 14
87 10
88 1
89 9
90 14
91 3
92 8
93 15
94 13
95 6
96 7
97 4
98 14
99 15
100 8
